160
928
702
361
1269
1296
787
823
774
604
1778
895
544
931
1463
1321
742
1250
624
780
1267
217
1410
1322
1279
914
253
1497
1035
906
518
398
936
148
788
759
342
595
806
861
1079
1115
1009
661
1320
1603
1181
829
1008
735
1372
254
483
1726
452
1329
1402
865
642
644
1253
992
506
1450
831
203
58
1401
961
335
963
807
701
682
333
598
1380
521
1015
1147
1310
1145
755
509
359
1184
1242
1423
720
1493
62
239
419
867
938
949
783
358
805
1560
305
749
1293
1435
1520
1617
692
565
715
1017
1506
289
666
855
967
1006
1046
1387
1494
327
954
1005
109
126
505
511
820
850
897
905
1010
1065
1266
1384
1528
332
470
710
1120
1131
222
736
1085
1152
1153
531
633
832
951
958
983
995
635
840
866
944
968
1132
726
922
1598
1636
441
809
1110
1475
1743
165
562
891
974
977
997
1175
1185
733
1247
1370
510
691
880
907
1013
184
259
728
921
1225
1633
88
695
756
883
1578
5
91
686
747
929
1099
993
837
1245
1043
267
776
1062
1174
1192
1248
250
312
417
925
1030
1662
876
331
390
972
1214
901
989
96
261
473
766
1275
290
940
1036
1280
1459
1022
1550
1558
1128
1259
1668
1111
578
852
871
902
1176
1154
830
1412
623
337
979
1050
1255
31
760
761
722
1127
482
1067
1300
741
834
1049
785
221
1228
1651
723
64
430
567
1230
143
418
647
218
442
1393
990
1019
244
1509
1263
994
168
848
157
265
556
570
819
835
908
1327
241
300
174
291
313
61
190
211
86
159
65
reinmatriculat
